-20121012164656
-20121012164717
-20121012165028
-20121012165251
-20121013045759
-20121013045921
-20121013050902
-20121013050910
-20121013050911
-20121013050912
-20121013050913
-20121013050915
-20121013051422
-20121014063720
-20121014063737
-20121014063756
-20121014063800
-20121014063803
-20121014063852
-20121014063858
-20121014063908
-20121014063914
-20121014063936
-20121014063938
-20121014063958
-20121014064055
-20121014064101
-20121014064104
-20121014064115
-20121014064138
-20121014064142
-20121014064155
-20121014064223
-20121014064331
-20121014064336
-20121014064356
-20121014064412
-20121014064414
-20121014064439
-20121014064449
-20121014064454
-20121014064458
-20121014064508
-20121014064741
-20121014064811
-20121014064815
-20121014064818
-20121014064830
-20121014064855
-20121014064856
-20121014064925
-20121014064933
-20121014064935
-20121014064936
-20121014160516
-20121014160527
-20121014160537
-20121014171434
-20121014171446
-20121014171450
-20121014171454
-20121014171456
-20121014171801
-20121014171806
-20121014171809
-20121014171812
-20121014173954
-20121014174002
-20121014182827
-20121014182836
-20121014182917
-20121014182918
-20121014184246
-20121014184316
-20121014184338
-20121014184339
-20121014184417
-20121014184419
-20121014184425
-20121014184426
-20121014185115
-20121014185117
-20121014185121
-20121014185127
-20121014185134
-20121014185136
-20121014221803
-20121014230032
-20121014230105
-20121014232351
-20121014232354
-20121014232502
-20121014233815
-20121014233836
-20121017020856
-20121017020859
-20121017020901
-20121017020902
-20121017020906
-20121017020936
-20121017020943
-20121017021002
-20121017021041
-20121017021127
-20121017021129
-20121017021211
-20121017021304
-20121017021324
-20121017021332
-20121017021356
-20121017021716
-20121017021719
-20121017021721
-20121017021721
-20121017211422
-20121017211424
-20121017211427
-20121017211429
-20121017211430
-20121017211433
-20121017211542
-20121017211550
-20121017211552
-20121017211605
-20121017211607
-20121017211607
-20121017211624
-20121017211635
-20121017211639
-20121017211644
-20121017211651
-20121017211659
-20121017211704
-20121017211746
-20121017211750
-20121017213049
-20121017213051
